0111101111
0110101100
1011111111
0101011111
1100110000
0011100001
0000110001
1100111110
0101011001
0010001010
1011010001
0000101111
0110100101
1000101000
1000000011
1101101011
1011010010
0010010111
0111001100
0000101100
0001110100
1010110001
0010001101
1000111101
1110111011
1000000100
1101110010
1001110011
0010000110
1000111100
0110001001
0011001111
1011011001
0001011010
1100110001
1101100000
1111010010
0010101111
1011101100
0111010110
1100011110
1000100010
0111011100
1101001110
1001011011
0001111001
1111011100
1111010000
1001010100
0111000110
1110000100
1101000110
1011111000
0010000010
0011111101
0011101001
0110100101
1110001110
0101110010
1111101111
0001001001
0000011010
0110010100
0101011011
1101101000
0011010101
1101000101
1101111011
0110101110
0010111001
1110001101
0000010011
0111000100
0001001101
0001000001
1010111101
0010010110
1111011100
0101000110
0110111000
0101001011
0000100010
0011010111
0100110010
1101110011
0011110011
1111100101
1101001000
0001101000
1110000110
0111001101
0010000100
1010000111
1101011101
0001100110
0001011000
1100001101
1001011000
0001000100
0110100010
0010111011
0100000010
0100110001
0001010101
0010110100
0010011011
0110111101
1100111001
0001000011
1111100011
0000011011
1101100101
1000110111
0100100001
0010100111
0010001011
0000000001
0011001100
0011111000
1000010010
1110011101
0011100010
1001000010
1010101010
1100001100
1100110111
1001011010
0000000111
1100111110
1011110011
1111011011
1000011100
0111000010
1010110001
1111100111
1100011110
1100110110
0110010101
0110011101
1101010011
0101110100
1000001010
1011110111
0111100100
0100100001
0110001111
0101010010
0110101101
0111111000
1110001000
0111101010
0111000101
1001001111
0101100001
0011111010
1001101010
0100110111
0011111110
1001101000
1001110101
0010011100
1101011110
1001110110
1110111001
0100001011
0110010101
1100001101
1101110111
0101110101
0101001101
1101000011
0100001111
0010111001
1100100111
1101101111
0111000101
0100110111
0000101110
0101101111
0101100111
1011011100
0000110001
1101011001
0111110010
1101110110
0010011101
0011101000
0111000010
1100100000
1000010111
1000110111
1000110110
1011110100
0101110101
0000011000
1100011011
0100011000
0000001101
1101101000
1111100100
