01111011110110101100
10111111110101011111
11001100000011100001
00001100011100111110
01010110010010001010
10110100010000101111
01101001011000101000
10000000111101101011
10110100100010010111
01110011000000101100
00011101001010110001
00100011011000111101
11101110111000000100
11011100101001110011
00100001101000111100
01100010010011001111
10110110010001011010
11001100011101100000
11110100100010101111
10111011000111010110
11000111101000100010
01110111001101001110
10010110110001111001
11110111001111010000
10010101000111000110
11100001001101000110
10111110000010000010
00111111010011101001
01101001011110001110
01011100101111101111
00010010010000011010
01100101000101011011
11011010000011010101
11010001011101111011
01101011100010111001
11100011010000010011
01110001000001001101
00010000011010111101
00100101101111011100
01010001100110111000
01010010110000100010
00110101110100110010
11011100110011110011
11111001011101001000
00011010001110000110
01110011010010000100
10100001111101011101
00011001100001011000
11000011011001011000
00010001000110100010
00101110110100000010
01001100010001010101
00101101000010011011
01101111011100111001
00010000111111100011
00000110111101100101
10001101110100100001
00101001110010001011
00000000010011001100
00111110001000010010
11100111010011100010
10010000101010101010
11000011001100110111
10010110100000000111
11001111101011110011
11110110111000011100
01110000101010110001
11111001111100011110
11001101100110010101
01100111011101010011
01011101001000001010
10111101110111100100
01001000010110001111
01010100100110101101
01111110001110001000
01111010100111000101
10010011110101100001
00111110101001101010
01001101110011111110
10011010001001110101
00100111001101011110
10011101101110111001
01000010110110010101
11000011011101110111
01011101010101001101
11010000110100001111
00101110011100100111
11011011110111000101
01001101110000101110
01011011110101100111
10110111000000110001
11010110010111110010
11011101100010011101
00111010000111000010
11001000001000010111
10001101111000110110
10111101000101110101
00000110001100011011
01000110000000001101
11011010001111100100
10010011110010000111
10000100011111000111
10000001110000001100
01111011110010010101
00100000110101011001
11101010101101011010
11100110101010000001
00101110100111100000
01011100101100111111
11010111111001110111
01001001110010111000
11011011101111011000
10100001101000010101
11111100101000100111
10010000110001110101
11111011101111011100
00001001100111000011
00011110010011001010
01110010010010011111
00111010000110010000
10000010111111001101
10000100100001001001
10001100001000011010
00001010011110101101
10100011001101111000
01111100000001001110
10101011111110001010
11010000110001011000
11100011001111111110
01100100100100100010
01010110000001101100
11111111111001100000
11110011100011000110
00000110011100010101
10100100110100000100
01111101000010011110
00000000110101000011
10100111000100110011
10011110111010011100
00100010011110101000
11101111101100110111
01011110000111011100
11101011100111000000
01010001101110101000
00001000010000000000
11100011011011010110
01100100100001101011
10000010100101100000
01000100111001100001
10110010010101110010
10010110011100001101
01010000010111110010
01101100000110010000
10001100110100101100
00111111110010011010
01001101111110001100
00000011101111111000
11101110110110110001
01001010010101110011
11101011111111101001
10011001011000010011
10101001100001011011
00100000010111001010
10111110101101001001
10001001101000111011
00001000011110110001
01100111100001001100
00110100100101100010
00001000110110111110
01101001011011000111
01111000110111101111
11100010100111011010
10001101100010010101
10011000010110010001
00110110111011101101
10101111110001100011
10000101101010001010
11010000010010011110
10000101111000000010
11001100011111010001
01001011000110101101
01111101101101011111
11001101100101110100
01100111000110110101
00000110110110111010
11100110011001001100
11101010000100001101
11010011011100110001
10010011011101001101
01010100001110010110
00101100000100000000
10100110001000010000
10110110010111110000
11011011110011111001
10010100101011010101
00110001000110011110
10110100001010110100
00110001111000101101
01111001001000100111
00001100100111000010
00001101011011100111
01010000010000011001
11010111000011001000
11011101110100011100
00011011001011100010
10110100000010001111
10100110100001110011
01111100110001100001
01110101110101111100
00001100111001100111
01001110010110110011
10111011110101110111
01000110101001101111
00001001110110110011
00011111000000110111
01110000111101011101
00001101011000000001
00101110100100111111
00110110000001010101
10000011100001101011
01100100000000000110
01000111100011010011
01100100010000111001
01110101010011110110
10110000011000101111
01010100001100100100
01001111000000001010
00100010010010101011
00100110000001100000
10000111100001011111
11110010010011010100
00000011000111100000
01010110010000101011
11000100011001100001
01101000111000001111
00101100101110111110
01001010100101110110
00111100000110100000
00100100010000011011
01011011001101100110
11111100110000110101
10011101111000101101
00101011110010000011
11111011100101111011
11110110111000010101
10001111100001101100
01101111000000001110
01000001100111100010
01011010000010010011
01010110000011101001
00110111100111010110
11100000101101110000
00111000110101110011
00011100100101001001
10000110101001101100
10011011110000001101
11100001100000110101
00000000001110100111
11111010111001000100
11111111000001110011
01100000110000101011
10111101101110110001
10010111011110001001
01011010011111001011
10001000001110010110
00100101110000010110
11111001111010011001
10110000101010100110
00000011000100110111
10101101011111111011
01111001110100111001
10011101010011101101
10010101101101001011
01111110011101001000
11110111000000111011
01100101000111001011
00100011010001001101
10011010001100100111
00101000101001100000
10110101010011011010
11110010101000101111
11101110011100000011
00100100001111000110
00100010000001000001
00001001010011111001
00101100011011000110
01001110110111111011
10101001111110101101
00000011000101111110
00010110001101101011
01001110001111010011
00000111101101111011
10001110111111110011
10011100110000011010
10101101110010101111
11111001001101100111
00010100111000110100
10101101010110000001
11111010110110101111
00000100101110000100
11101010101100111110
11101010110001111010
01111100010000000101
10011110100111000001
01101101100000111010
11001011110101111000
01011101001111100001
00000101101011110100
11111111110100001011
00101011110101010100
10110110101000010101
00000000000110011111
10110100000010011011
10000011110011100100
10001110111011011000
11000101011110001100
01110101111001100110
01001000110001111000
10111010110000010010
11001110110011111111
01100110100110100001
11010100011000001110
11110010001011111111
00000011000111010010
01010101001001111001
00110110100111000111
10111001010011011110
10011011100010000011
10111100001001111001
01111101010110011110
10011101100111101101
00000110000110001010
01101000101011010110
11101110100000010010
10001010110000101001
01101111101001001000
10110010001010101010
11110110110001001101
11001100101010011111
10111111100010111111
10100100111010110001
00101010001111010011
10111001100101110000
11100111110110000011
01101001101010000111
01001000001010101110
10001001110011001000
00000101001101011001
01110111101000001000
01111100011000101011
01101110110000111101
01100001100111000100
01001100000111110011
01011011111101010001
00011111100111001101
11011011010010000101
10101111110000111011
11000010111010010101
00110001111011111010
10001011010011101010
10101010000110101111
01100101110001111001
10001100011100101110
01100001000100110110
00101000101010000010
00010100101100011000
01001101111011101100
11100111011000011000
00011110100010011001
10000011101100011000
00110110111111110001
00000001000001010110
00100010001101101110
11000011101000000100
11110110010000011100
11011001001101100000
10001010110001011001
01100010011001010111
01000010011000110011
10110100011011011111
01001110111010011011
01110100001011000001
11001000011000111011
00110010000110110110
11111001010000100100
10100010011100010101
01101101011110100100
01101010101110001011
10010010111110100001
01110111101101001110
00110001100101100010
10110101010011010001
01000101001100001001
10101101100011000110
10110001000001011010
11000101011111011001
00100001011100011001
01010011111100000011
10010001100100001100
11111110101001010001
11011010010100001101
11110100011101010100
10110110011100010110
01100110010101100000
01100010110101100010
01001101110101001100
00101011100110101100
00011011101001001110
11111010011011111100
11010110010000100000
01110001100000001100
01011111110111111111
01101101111101010101
10101011100111111000
11110000101010000010
01101110110001101101
11100010000000011110
01000100001100000100
11111100110100011011
10010011111100010111
01011000111010110000
10100110011100000001
10100010000001001111
00010011010110110101
10110111000111011100
01101111010101000111
01010000110101110100
01100101110110010011
11011001110101001010
01111101100111001100
00101100000011110100
11110111011010010110
10001110000011110001
01111001101001010011
01110001000011001000
01001101110111011000
00010011110110001010
10101101101111010001
10001000001000010001
11101111110100111011
00101011000111101010
01100111100110100010
01001100000010011100
11101001011111101101
10110101011100010001
01011110011010101111
01001010111111000100
01011110111101010111
10001001100110000001
11010000001101101110
11100000001111010000
01111010101000000000
01110100000001111010
10011011010001101011
01101110111011100000
10111000011101110101
01010100001100110101
01000100000010011001
01101011110110110100
10100101101110100011
00010100101000101100
11101001010010101000
01111010110001011000
10010010010011101110
01011000010011101001
10100111000010101011
11100001000010011101
10111110101001001100
10000011000100011010
01000011111111100110
10110011001011111011
10000100000101101011
00001110101011011111
11110010001001010011
01110001111000110010
00000110100111101110
10010100110101100001
10000101100000110011
10111011100000000101
10110000000001111100
10010100001100001111
11110101000100001011
00001110001111010000
00101100010000111011
00011001001010000100
00001110100110001001
11000000100010000001
00111100001111110111
11100000011010000000
00111011101000100100
01100100110111001100
01001100100111110011
11000101001010011010
01001111111001010101
10110001010100111011
10101010111010110111
01011100111111111010
10010001110000111100
11100011001000110101
10110011011101111100
