0111000100010111101001111100111101111111100111101001111100111101001110000001001111101101001101000110010101110010011010011011010011110110110111110101011000100001111100000111011010
1000011010000001011100111101011100010010111001011001000101110001010111010001100101101100100001100011010011011000001110111011110100011100010111001111101111010000111111111111000010
1000110110101001110001110111101111110011101100111010111100000101010010101110111110111000011100110011100000100101000101110001011101001111000011101000110110100001111010010110111100
0100100010101111001010001000111001001100010101001100111000011010010010001100110101101101011010000011101100011101000111111011101101001101001011111001011101001000111000110101000001
1101110010001110111011001010001100110001100111001000011110100111100010111111000100110110010110011100101111010101101111000000101010010001001010000000001100111100011001111111110000
0110011010110110010101000111111100100000010010001100000110111001101000010101111000101000011011111000101100101101111101001101100100010111110110110001110001011101000110111010001110
0111001101000001101111011001101110000111001001101001100010111100110000010000101011111100101111101010010101010110000000111110101100101001000111011011000100101011000100011100011101
0001000110000010100110111101001100000011010111011010101000000100101000000001101010110100111011110001101110000101101100001000111101100110111011001000100111011000111001011111010011
1011101100010111010000001011010000100001000010001111100100010001111100111001111001111010111011111111010110110010100101010101100111110010100011011101010011100000011110000101101100
1000110110010011011111010101000100100101000100000111001010111101110101100001100110111100001011011001111011010101100011000111000110110110111011001110010010011111101110110111000000
1001101001100010101011010100011110000100001001001100111000100111101100011100110101101100000111101011010001001000100011011011010001010011001100010100101010111100111000111010111101
0110011000001010101100110000001000010110000110100110001100111111110001011110000001101101111010101101101100000010011001101101111111101011010010000100111111101111011001010101101011
1001011100000010101000001010111000001000111111010011001011001110101000100000101110101101001100011011100000011110011110110111001111000001100111110101100010111011101010110101110101
0010010111011110011001000011011101001101110101111111110011010111100111001011000100111000110010001000111111110010011101001110110011110010010010110011000111011110011101011010001011
1111111100000010001101110001010111001110011011011011000110000110010000000100000100111100011000100011110010001000101111110100101000100100001111011011111110111000101011111000111001
1110000110000011110010010101000100110101101001100101011100100011101000000111010010111101010111011011111011110001010100011011010111111010111011011001110100100011100001100100000110
0000010100100010011111011111011111100000100011010101101101100000011000010111010010000000111000010010000111000101110111000110101100001011011101010100101111100011000101001101011110
1111001101010110011101101100011001110001000000100000001011101100000100100110010101111010011011110001100101011000010101101011101000001010001111111110100001001101011000000111001011
1100011000111010011100011100010111111000110100001101110101111110010101011111011111111111111101000011011011011000110100100001010101111110110000111110010101110101000100000101110100
0001011100110110100011100010001011111000110010010001100000100111000101100101100010110011001101010001111101111000110100000010110100111110110011110100111101100011101000001001101000
1010110000010111010111100001001101000110101101101100011101100011011001101001000100011000010101000101000111011111011001100111010010010111101101111011100101010010010010100010011100
1101011011101000010101100000111010100001100101000100001111010100110111101011001011000001001000010111100111101011011100111011110000001010010010111010001100000100100000101001001100
1100111001010111100100010011001100100000110010100010001010001010110100001001001111101010111101000110111101000000110101010001001001111010111011001000010000010000110101110100110101
1011110110011111100000000010000101101101001111111001111111100100001001010110100100001100010111010011010010100011111001011010000101010111111111101101001110001010010010011011100100
0000101011010110101110011011100100000010010010100111101010000010010110111110000110001000011111001100011011011000101110111000011001110010111000110100001110010110101001110001111110
0010001111101111110000111100000011111001100011100011011101100111111111100111100000000101000100100100111011101110101100011111111001101010100000111111001111101111001011000110011110
1101100010111011010111000100100000001010001111010010011101000010101001011010011000101011101000100111101101000010011000000110001010101011100001100110111101100101001111010001011000
0100100101110100101000110011001110111111100010110101010110110010111111001100000001001011001010100110111001101001110010111111001000100001011000110101010100111101111111001000101001
0010000011100111001000101101011100000111001001101010000010000000111101101110011100100100010110100101111111111001011110111000100011001011100101001000100110110001111101110010010000
1010010110101010001001011010001000101110110110010111110010111011011101101110101001110011100100111110111001101111000100011010111101100100000100111101101000100111110010001001001001
1101000100011001101111111001001101001001011100111101111101110111100010100011000110000010110101110011011100010001000110001100000010010101011001110011001101111001000110110100101110
0101111111010001011111011010001111101110010111111101100000010110000111110111000110000010011001111111110100000111101010100000110100100100100000011111011110010100100011101001001010
0000010011011100000101010111101101101111110000001100000001010110100000000111011101010001010000001001101010001011110011010111101011100111011110001011001111111100101111110100000100
1001011100110000000101100001000011000011011111010100010010101011001011011110001011111010101011110110000011000010001001110101111010011001111011000110111000111000101110000111011100
1011111101101011100110101101000001001010010010011111110001100111011011001110110000100101111011011110111010100110100101001100110111000001011101100111010010000111000000011011000000
1110101010100111100111100000000100001110000110110110101001010000100001010010111011100000001111110001111111011101001010011110101011000010001110010101111111111110100110001101100010
0011011000011011100000101001111110101010110000001000101111100000000011111111000100111000101101100101111110100110000010001111001000001101111011010011110000010100110110100001101110
0011010010100011101111110100101101111111100001110111010101101000010101011111111011100000111000111011101101100101011101101011000110101000010000000000100011110100111011111100111010
0001000100000011110000101100111110100101001110101001001110010101101110000111000011001101101011010101010110000111110100100011011110000011110110111110101111001011111100100111100110
0110110101011110000000000100011001001101100010000010110001100000001010100010010100011010010111000110010010000101010000001111100011110001010011110101101000000011011000001001010011
0000000110110011111111000100011011100100000101001001101000011001001001000100111000011101011101011000101001010010010101011100110111111100011001110101110000100101000011111100101110
1010110000100000001000100010110011100001100101010110110010001001011111100101010100011111011000010010101010110000011001111110111100100100101001101010111001011001100010111101101101
0111101100011111011110110101100100000001010000010101101011111000011101001111101100011010001000101100011101011001001100011101110111111101000110101001110000010111100000000110101101
0010111011111101111100101111110110111001011001110101100110110000010110010001111100111000111111000100001000110101000010010000111001101100010110000101011000101101101011000000001011
0001111000010111100011111011111011110000110111000000010010100111000000001001110111001000101010111101001011100101110111000001011011100010010010000111100001010100110110110101000111
1000111110000110000011000010010110001010100101001000111000001011001111110110110110110100100100010000111000101111111011110100001110011000001111111110111111111011100000111001100001
1001001111110101011010000110000111110101001010001110000000110000010000101111000111011011111100001001000000100000111101101111001001100000001010011111000001011011000110001110111000
1111011101010101001001011001100101001010001000110001111111010001001011101101101011111110011011111011100011001011011001101110110101011010011001011011100101001100010100011011111100
1110101100010111111101010111001011010100000010111000011010111101000101101000100110110110101001010000011011101011011100101100011100101101110000001001010100111001001101100110010010
1011011011110001001011111101010101100110011010110101110110101100110111111001100000101110011110001010110000111010011101110001011011010000111101100100111000110010110011111111001110
0101111101000000101110011001011100111001001100001100100011110011110011101100111110010010111010010100110111001101000101101000011010000111100111011000101101110011001101011110111101
1010010001101101010101000010011110011110101010110001111100001101001001100100000000100011100101001011110011000011011000100010001001011010011100100001100101000001001110111000100101
0111111101111110011000100011000011110101010110111010010001000011110000001000111111011011111001101001110111000001001001101100100001110110100011110010001100101110110110010101100001
1101110011001100011110111010110111000100011100010001000000001010110101111101111111000111110101110111111100001011010100001110111100111000101101111100101000100000000010100010001100
0001110110101010000011100010011101101000100001001111110000001011110100011110001100101110010011101111000001101111111111010100110010100000111000101110011010001000010110110100011011
0001001100011000001110111101100010110001110101111100011011010100011000111110101010101001100101011000110100101000110000100110110100111100001110110101101001101000111100011111000101
0110110010100110001111010110001110001100000010111001111000010101101110100000010100010010010011001100110100010000100101110101100010010100010011011111001101001011100010111010000100
0000111101001000100010110111000101000110000111110011110001000110011100100000101000111111101000001001100101110001010011100011000110110110001111101011001011110111001011010001000001
0111001001100100000110111001010000000110110110100110110011010110000100101011111110101000010111010110000100100011001001111011101001010110111001011111100100110010001011001111010100
0010000000110011010100001010101111001001111010000101110100111110001000101001111111100011111100100110011000101110100110000000101111001111101010111011110110101011101010100111010110
0100101000111111000001101000111010010011101000000100000100100011001101000110000001111001010100000100100111111101110011110010011011111011000101011011001010101110010010010000101000
1111010100011110111001000110000110100001011111101111000011110100000010101110111000100000101011000101111101100111010011110011010100100010101101001000101110010010111010101001001011
0011101001001010100011001100010001110110000111001001110101000000011111000000111010110110010000000101111011100011111011111111001100000001111111110100110000000011101110010010110000
1000010001010100010010110101110000110110111000000111100110110111001010011011111111101111011110011000000110101010111100101010100110011100111011001001100000010000100111101011000000
0111011010111000011010011010100010001110101011111111100111111111001001001001000011011011111000000111110010100100101100001010011101110111000110011100000001011110000110000101010100
0011111100010111011010101101010100011101111000110010111001011001000000101101111111100000000110001011001011101101100101011000101010011111110111000100011000100010101000000110001010
0010111000110111100111111001111011100010101110100110111011101100000101010100110000110101111101000001001000111100010001100011100011001110110111101000000101101011011010000001100010
0100000110001011010001111101111101001100011011111101111111110011101001001110101110011001100001000011101110000010100110101111111011110011110110001011001100001010000111100111010000
1111000010010001001010101011010110001101101000100100010100011100100010100001010000100001101001011010001100100001000001000101111010100000010010100100001010011010111000110100011110
0100010011011101010110001011010111110000000110001001101100000110111100100100100100001110100110110100010001110000101000100010100100110111010110110000000111010101111011110010001011
1010101100110001010001100111001110110010100101110110111010100101011110000101100101111100100000011011110000100111111010101011101110010101001100110001000010010111001100011100110000
1100011111101100010000101110000111101010100010000010010110000111011001000110001101100101111000001001001110101101010100111111101010111111000011010111110110000011011101100100011001
0100010001100001000000000111011011001010110000011001101101111101010101110011100101011000111001010100101101111011111100010110011011010010111010001100100110110000111000011101100001
1110100111010110011011101110010101000111010101111011101001001100111000000101111110110100101101011100101100011000001111001001101011001000001011000110000110001011001000100011110100
1010110100011110110100100011000001011111011100111100111010110110101001000110000000110110000001000000111111110001010011101010111100001111101111101101010010011010100001111101100001
0011000010110010000010000000110100010001100110011101000100101101001000110010010110111000100011001011001110000101000110010001111111010101010000110010011001001010111100100011001101
1001111010001001110011001001100011101111101111001001110110110000010001001000001000011100000110101101000101010000101100010010101110000011101001011100111011000100011011110000010110
0101000010011111110000000101000001110100100101001101011001001000110010010011100101010100101101011111010010000011110001101110101100001110101110101100111000101111100101110101001000
0101001001010101001011010101100111010001110001110011110000000110111000110011001111101000010010111000100101101110101011101111010111010010001111011001000010100101100011010100101001
1100111110110010100010100111000010010101011101011011001100011010000000110110111110111111110010010010101111111010010110011100001010001010010101100110100100110010010000110100100111
0010000010100010010111000101110010011011110100001001100001010110100000000011110111100011101011111101001110011010101110010011101010011101101101101000001111001111100111010110100110
0010011101101111011011101011010000011100000011001101000100010101001011100001011110111000110000111010011100000111111101110101111100000111101101111111000010011010110111001100101000
1100000100000011001001101100101010001001100100111100110111101100000001101001010001110101010111100011101010000110010011111010010110000000010100101111001000111001101101101110111111
1111100110011001111111011001011001011110111101000100000001010000101101000111100010001111101011010110011110110001000110100010001000100011011111001011001110000001011010010011101001
1010111001010001111101110001011100110100100001011000011000110101000101001101010001001100001010001000101110010011101000010011000000100101011101010010110001101100111100101000001000
0000110011010110101001001000101010001110000111001001011001111100100001000000001001110011000011011110111001000110100111111011101010000111010100101010111111001001111100010000111101
1011010000111001011111000010000110100100110001111011101111111111000110100100101111001010001000000011011000101000110011010101011101000111010000111110001010011011101111100111100110
1011010010011101001011011101001010101001111011001010001011010001000001000001001111001110111001000101101100000100111111101110101000100000110011101100100010111101010000011000001110
0001111110001010100010111000000110110000110011100000110100111111011001100100101010110010110100101101110110100100010011110001100101010100000011001111111101001011010110001010101110
1100100001000100011001001010010000111011000000001000011000001011101111110000101010110110100101110010110100111100001110001000101011110110110101101000010001001101111000010110110010
1010001100101111101000000101111101001110001100101000010000011010101111111110000010011011101110001000101000111011001011101100000001110011101101000100010111100000011110011100111101
1010111010010100001111100101101000111101001111110011010001000010011000111111010111010010010011110100110100010011011111001111001001010101110000010000001111111110101101101011100001
0100010110010000100110100111101101101110001001110111101000010110100010010011101111001011010010110010000101010101011111010011101100001001101110100101101000101100111000110001111110
0110111011000010001001000001001100101011001100100100110111110100111110100100110100110100001011000010101110000010100010001111011111101000110111001101110100100001010010100111011011
0111011000010101110100110010101000100010100110001101011010100100001011010000010010111000000100001110110001001001101001101010001000110011101000100100101101111110011110100110011100
0110001101001010011111101111000110000110101110000101100001101101000101110001101000011111010111000011101011011000001010000100100000111011111100011000010001100110011101100100100101
0010111001111100111011001000011000000011011010101111100001111111111101111110101000101101010011000000011110010011101011110101101111010001100001110100111000100011101010111110001001
1001010000000000100111110011010100001111010101010111111010000000100011011100010100010011110100000111110100100110111101111110111110100100001110001110010111011111111010010111000111
0111011000100101101011111100001000111000001111011101110101111110011011000011101110010001111111110010100111011010000000100101111101101000101111101111111000011110100010011001111000
0000001100011101001111001101010011100110110010111010110000011011101110111010001110000010101000011101101100000111000011110011001101110101011111001110100001001111110010111101001011
0011011001000100011001111111011011110111111001010111110100000111011011111101011011110111010111110000000101001011100001101100101100011011110111011000110101111000110101100000101100
0111101101110101010100111111110110100011100100010000000001001101011011111010001001011010110101000001100000110000101111111000001001011101000110110011101010000011010110000101111101
1000000010001000100100101011000101101111100011101111011000110111110111110010000010110010000011100110001110110110010101111010110011100101110100010101000100001111011001111000110100
0111101000111010000001011011110110110110011010100000001011001111100110110101111111101100001100110111001011001110110111101000000000010001101100100000111111101000111000000011011000
0110011000010111101111100110011111001010000111111010110011011010010000101111100001100010000001000000000010000111011010011111111101101110011110100100110101110100111100101011000110
1011100110010100110001011000110111101100001000011111111100001011100000110011000000001110110011011111001001000011000000001011000110001111010110010110000100001000101111000011110111
0000101000010111001011000111110000011011011110000101101101111001010011001100010100101110010011001011001111101001011101100010000100010000111111000001011011101101001011011011111101
0111001000011110001111000101001011011110001011100100001010110000010101001000111010000111100110101111101000000101000000110111000010011011101100011101101000100100000010100010011100
1110010101011101001100010000001101001010001011010101001010111101100100001111000111000010111100011100000001011011011000010011110101111001011111011001001001010111010000010111000101
0101111001111001100001110111011100111100000011001111001011110111101110010010010100010010111101000010100011000101100001001011011000000110011001011110011010110110010100000001111100
0111101100000101001010100000100101100110000000110000100001000100111101001010111001001000001010111110101100110010000110101000101100000101100110001001000110100110010101010010011110
0001101110111111100010010001000011000101101101101000101101010110001111111111111111101100101100101111100011000100010100111011110001000110111011011010111100111101000001000111110000
1100111011010110000001101011101001101000101110101011110011100101111011001110111101100110111000000001010010100000101010111100011110111011110010001001100000001100011100010011100110
0101101000111101000110111101101000101000110001011110011111110101010010000001011000001101111101000101001011101010110101101001011101110001011101001001110110001101101000111100000001
0111100011010110010101111010101111010100101100001000000011001110011110110000000010001011000000101001100010000010001010011111011001111110011111101100110000000001011001000100110111
1111000100101110011101000001000100010101110000100110010110100001001100110001101101101110111010001100111100111101011000101011101000100000010001111110110110100001111010011100100111
0000001010011110110100010001100111001111001100101000111101010110100100010001000001110101010101010100101111011000010101101111111100011110110001101000001101111000101001010100101100
1101111110001100011100011111111000001101110111100011100110001111010010011010010000101001100000010001110100010111111011001010010111011100001101110101000111001000100000111001110010
1111011100010111111001101010001101100001010011000110001000100100101101010010010000111000001010001111000101101111111111111111101111110010001111011101110100010010011011011111111111
0000011101001111111111111111001001100111101011011011001010101000001001101110101100011111111000010100010110011001100010011001100110011010000100011000111000110111110111011100110001
0000010111111001000100110100000000000010101100110000111100000101101101010101011101000010111011010111110000101101110100101011010101001001000010111101100110101010110100011010001010
1111011100100001110111011101000010000000010001001111001110111001011101100011001110110100000101000110010011111000010000011001000001110001001100111000100011000010101001100101011001
1010001100000011111000000011111110101010010111111100011100001011110110010000110000001001110011101001110001101110011110001000110011100011110100000001110000111010111000010001110000
0011010001011111111011000011101101001010000010101010000111110000000010011101010101111101111100100010101110100110110100101110000011000111010101111111100110000101101011111000000001
1001001100001001010001000001011110111010101001010000000101011000110010110110000101000011100101100011100011011111100101010011001001110010001011000001110010100010100100000100110110
1110110100000010111001011110000011110101111111101011110100111100100111010000011101011010010110011111010010101011001100110100111010000110101001000001110011101011110000011101100110
1110110101101100111110011011010111101001000101010011000001111111100011100010010001101100001000110110000010101110000110111011101010111110101000001010000010111001001001011111000111
1010110100000011011001011111110101100110111110000000001011000100011110011000100000101000111110100011000001010110000111000001001110000101010100000001000100010110111101100100101010
1101101110111100001001111100100101001000100011100001011010101000000100001000001101000001011011011101011000011100001001000101100000111001000111000001011001100000100110100000111100
0100001000010001010110101110001101100101000011100011100101001111110001100011001111010110101101110001010110000101101011001000010001011001110001000010101110001000010001011111110101
1110000110011101101111001010111000010011111001110100000000101001111101100111111011101100000101111011101000110101100111111110010010011100101011110010101110100000100001011001001011
1100011100110001111111110111101101010101110001010000100111101011010101100001011111101110111011110011001111100101110000110101101000011110100100000011011110101001101101011011100101
0001010001110101100111110111010100010001001110101001100011110101100101110010101100010010011000111010011110100000110000001101101101100110100001011111101100111010101011001011111010
0010010111011111111001110111100111111111001111000001100010000010011101101110111011111111101100001110001010010111011001011111001001000011100010011100101001011110111010010111011110
1101110111000001011110111000001011110011000000100010000101011111111100101011111101101110110010100010111001000001111101011001001000000011000001011100110111111000001011000011110011
1001100111100101011111100000011010101110100001000011101101011000101110001010011010100001001000000111000010011101000100001000111001101010001011010001100101010111000000000010111100
1000011000101010001100000110101100111010001010010010100100011001000100001011010100000001101111000000101010010111001000100000011101001001111011110001000110000110111100101111010011
1010001010001100111101110110101011111000101011100000000000100000000111010010101101001111100011111011100110000010001000010100010000011100111001001011011110110111000010111010101011
1100101101001101110010101001011101011100111101000101100110011001011000100110110111111010110111110111101101011001110010110110000010000100100111011100011010011110111100010101010011
1101110011011111101111111101101111011011000110011001100110001101100101011001000100011110100111010001011100010010001011001111111011110110111110101111101001001001111001011111010010
1101011001100011101001011000101011110011101000100011100011000100001100110001111111010011010010001011000011100000110111100110001111110110110100111110010010010111100101011100111000
1000110100000110100001001000011011100111100000101000100111001010111001010110110001011010101101110010111111110011001101011011110011010101100110111000011101000111001010111001000011
0100011010000110100001001110101001000001110011111011001001110111111010001000110000101001101100001100101011101100101011101011000101010000110010010001011011100010001110100010100001
1111010011110011110000110110001000111010101110011010110101010100111010101110001000011010010111011000110011000011111010100011010001110101100000000110001111000001011010111111101000
0011100100110001100011011010110011001111101001110100111011101101110101111001011001111011000111111011010000001010110100111110110001110111110111111101111000000010011110110110111000
0010010101011000000110100010001100100011000100110100011110101111101110011100011111000111100110101110110001110011110100010111000101111101010010101000010101110100011110010110111110
1111011110110001101110000001110011000100011010010001111111001110000110010111010100110010100100011000111011111011100101011001001101111001001111101001111100000110000100110001100011
1111010111000001101101101010110101101101110000101000111101101011010110101100011010110111001101111001110100100010111010000000110010000111001111010001011100101100111100110100111011
1111000011111100001010000010001000001100100000011100111010011011010110010110010101001011000010000010111011001001010010001100011100111100001101000000100101000110111011101111101100
0101101000001111011101111111100010001011100100111101001001001101101010011110100000111110011100100101111111111100000100001011111001101001111000101001111110100101101101100101001101
1101000001110011110011011111110001110000011110101101101011011011100010001111011110111111110001100011101111110111010000010010001101101001011000100000010111101100110110010101001111
0110001110101011001101110100101001010100110010100110010010000000010110011111110111000100101000001010111100001110100101111011010010010111100011101011111011101010101001000000010111
1101101001101000101011111110001000000010110001111111110111110010101011000111101111010000111010010101011001110011011011000110011011000001111011011101111100000110010010001100100110
0011010100111100001001101011100101101111100101101110010101000000010111001100011110111100110011110100001010010110111100101010110101101000111011001110001011001001110110011000010100
0100100110011010001010101100010111000111000000011000010100111000000000000001010000011010111000101101010101011011000000100000000111010010100111011111001110101111110100101110100111
1101101010110001101100110100100100101110010001010100001000111001010010101110000101000001001100110000101100011111110011011110100100100100110000101001100110001010001010110101011111
1000010111010101101000111011110111001111011110100100011111100000110110110001110100100000110101010100001101001001001110001100011000011100110100110111001010011001111101110111001001
1010110101010001100001001000100100000011010110010011011110100110010100001010100100001000101011011001111000100111101000100000100111111010110110011000010111110011010100111110100100
1100100011010100100101010011111101010000101101101001011011100001101000110011111100101010100110101000001111101111100111010111011110011110011010111100000111000100101111000101111000
0111101010110011010000100001001110110010010111010110101011000110010110110001111000001101101100101000011110101010101110110100010110000111110011000111000111010011011111111111101110
1001100101100000111011010110010011010000011010011100100110010001001101100011011110000011001110101001010000001010111111101111010011000100110101011100010111100101011000100011011001
0001101010100110011100101111011000100010011110101001000000100111001010101110110111001111110000100111010100111111001011111000111101100010111001101001100110110001101000111010110101
0110110000100100111111011000011011010000111001010101111000001101011001001101110100000000000110001011011111011110001000010111010110011100100011001101010001100000100111111000111110
1111011001111001101011011000001000110011000001110000100010011000101100101000000110011101100100000110011010000101000111011100100100100101111000110110000000100101111000000101010101
0100110111010110111110100110111000111000110011101010001101000000000111010010100010001101001110100111011110010000110010011001101011000110101101010101111111100100110100001001000000
0011111010100001101000111100001001010011111100101010001001010110110010001000111111010011101010110111111011100101000101110010110011110000111001011100110101000100011101111011011101
0100111001001100100101111000001110001111111110010010101001011010111001001011101100101011011011100010101000100000011111111110010110011111111111111110001000011001110001100010000110
1011111100011100010100111010011101110110110111001000100101110010011110010100101000010010000010000110011101000000100111110100011011010100001010000011000011010001111100000110110111
0111100001111100111110000010000001100010100000001010110001000101111001111101111110100110010101000001100011001001011001000110110100101110101100000101100000111100010110011110101111
1110101011110011000110101100101000011111101010011101100100010000101001000110010111010111010010011110100001000010110001010110001111100000111110011100000001001011001111010011011110
1010111010000101001000011000010111010111001011011111010010100101101111101011111110000001000101011111011010111011101101101110101100000000010111001011111110000101101110000110111111
0001001000001000100100011001101000000001010011010101111110001101101101011010011100001011111100110011101001110001101001101101110110000000001001101110111111000011110000000011010001
0101001010111100110001101111110010000001011010100100110000111110100000011110010011010111001111001011111100010010000111110101010010110100001110110100101000111011000000000101001001
1000111111100111001001100110001011011011001010011001010010010101110101100100101101100111100101111111111011110001010001111000010111100011110100010000100111010011000111101000000011
1000101010000101010010100010111000111110010010011010011001110001000010110111100101111000010101001101000101000001110000000000001010110100000011000000111100111101110100000000111111
0010100100010000111110010010000000100101011001010011011011100010000001111101010110111000101001011011100111001100010101001010111110011101010100101101100110000110001101000100101110
0001011011000010111110110011110011001111111001001001111001010100001101010001000101001000110100010101000010010000011101011110101101010001010110000101011001110101110011110110001110
0110101010000000001110101111010010001100110010001110110000101101001011100001001001010111000101011010101101111110010101111010110100000000100001100010000010111111010100110010111110
0001011111111111100100111100000111100010010000100100111000011111100111110001101010101100010111010100010101011011110101010101000001110011110101101001111011100001010101101101010010
1111101011100101010001100111100100111011101110100100001110000000111110000001111101101010011000010001001011000111011010010101000001100111000010001001001011001100100110011010001000
1110111000000101000110100101100110110001101111101000010001110011010110010111010010111001010001100001101010011100000001010100001001101010100111000100101110001010001101111100101001
0111000100010110010100010000010100110010001110001000011101000010001001100110101000111110010100110010001101000100100110001111000111000101010110001010101000011011010010010001101011
1100100100111000001010101011101110100101001111101111101101110010011000100110110110011101010111001111110010111110100001000011110000001010010001110010101100010001100111011110101011
0111100100010001100010100010101001010011111001011011110010101101011110101101010000111010001001110000000011100000111111101110000010101011011000100100010111010110011110111000010010
0010110001110110111100010011100001101110010011101101011010011010101111111100000111011101000000010111011111011100110011000010011100100001000111111100100100010110011111001011111010
0011111110000000001001000101001010001011000000001001011011111010101100001011110001100000110100010101011010010010100000011010011010100100011000110001110110111110101111100111110001
1000100010011010000100000010110110011101010010010011100100001000011001000011011101110110010110110101010101010111010001001001001100110111001001001011111100011010001000111010111101
1111000111000111101100010001111001000000000001000100001100001111101111101000001100100111000110010010000011110111010111001111100001000101011101100011011101001101111000111000111001
1000100000001010100010101100011011101110111110101000101000011001000000111101010010100001101110010110111011011000100000101110100110101100001011111000110110001010110010000100110010
1011010000000000111010011000011000100000111001000101101011001111000110100111010101010100100100111010111101111110001000010000011000100100011110100010001100111110000010001101010101
0101101111110110101001110110010011000110111011010000100111111001001000000111010100000001000101100100011100100000101111010110000000000001100010101010101101100111011000010101111001
1000111000011011001110111010101011111101111001100010011110101001101000111000010001101101000100110101010100000100101110110100110010111101111100110001001011111110001101110000101000
1111110101110000100101000101001101001100000111110101001010101100101011100000011101100110001110111000101111001111000111010101111100111111011100000100001000011001001110101110000000
1100110101101000100010111011001001000001110000110011000010100000101100010010111110111100110001010101010010101000100000111000001010000000100101001111000100100100010100001110011101
1100001100011111100001011010101101011000001110001101100111010110011110001100111010001100011011010101110100010111111100010111111011011111111011101110111010011011000010000101000110
0110110001010101010001010100010001111000100100110110011100001010110110011001111110100100111100111101011000110000000100111110111001100011010010001000011101111011000011101001100101
1001001101000001110100101110000011010011101010110101010111001100011001110110110111010010100111110010000101110101000010011110010010101010100100010111001100110000100100100000000011
1000010000000111100110011001111110111010110100101000110110100110001001000011001010101010011010001000110001010101001011101001111110110111001000010001010111100000111111101111101010
1111101101000010011000001000010101111010011110110010001111110001111100110010001001110101100100110110010000010111001111110000011101101110101010001100001000101000001011001110001011
0001011111110100100100111000010011101001010010010000011110110101000110100001101011110101101100101110110010000010001110011000010010001010011100001011010100100010111101011000100100
1011100011000100001111000111000010010001100101110011011111001011101000111011010100010101110111101000001000001111100010011001010111101001001100100111010101100110000101011010010001
0101110111000111100010000010111000011001011100111011001000001011001110011000111110100100111011110011000001000001101010001001000000101000100100101010110110111011100000110001000110
0000011101001000110010100010011011101010011011010000010011010011100010010110010010111101010001111000110011010011101000001100101101110010011011111010011010110100000110111010000111
0011001001011100111000001010110001010000001100110010110100111100000001010101101100100101010111100011001110010000101101010100001000101011111101010111100101000100101001101100001111
0110001100100000000001011111010111100001101111100101110110111010011010100110000100000111001001100001100110000000000010100101101010101101011000101010101110000000011011000100100001
1100101111110101011100000010111010111000010011100011110011100000000010001010011101011101000011000000011011011011100110100111001101100011010111001011010100111111101010010010001001
1100000000011010000110010011010001100101011101101001111001000101100100010111001110010001101111100001110000011111101010101000010100001101001011010000011000110101011011100111011001
1111011100100101100101110100010101010110101110011001110001001111111000101111111001100010100001001111001000000110011100110101100111110010100000001001011110111110011001011111001000
1010000110100110000110100010100010000101001000000010100001001010100000101101000010110100010001111110010010001110100011011000011101101110010111011110001001101110011011110100001011
1010010101100110001101011110100100011101000010101000001011100000010011001101110111100111001000010001111010101001111111100010111011011100111101010100010000111011010111100000101100
1100001101001011100011100011101110000101101011110100010110001100111111101100100011101101111101010101111100000111010000110100000110001110000000001111000100010000111110010110111001
1100100000111101101110001101110110011100100101011111101011010000100100111111110100110011010110000000101000100101000111010010100001110101100001111011101011100001000011011000101000
1111101110001011000011010101000111100110010111001011110010010111111101000010100111110101101010111101110001011110011011101110111101100101011111011010101100100111001010010001010111
0111101100011000001001100110001011000111100101111001000000010000001000101100001111010111000011101011001101000001000011110001011110010101011001111011000100101010100100101101110010
1100100000001111000011100100100101000101010111100000001011101001101001010110111010010100111110000001110110010111110001110100011110010010110000101111001010010101111111010100000001
0011110100110101100101101010110111101010100001001010010010111110110110011111011000100100101010010111111100001110010111010110110001001001001011010000001100100000000101101111000000
1001000011010111000001100111001000000101000000110110101100011001101100010100010010110111110100001000100011011011010110000101011110010000101010101011010000000110100010100101101111
0000100000110101000001100001000001100100000011000111100000000100101101110100101011101011000001111011001011011011001100000100000100110010011100000101110100001001111100000011101111
1010111100110000100100100000110111111001100000101100010101010100100000011000001000011110000101011111010111000010000011010100100010101101101010000110010101110000000010110111110011
0101101101100010011110010111110011111101001111001010010000010011000101000110001011001010111100100001100101011001111011010010011100101110011010010011100110010111111011000010100010
0011001010101100101000000010100111111011011011010111111101001111110001001111100101000101111111100100100000100000011001001000110000010011100100101101100111101111001100101110010110
1001000001101111011010010010111110111100101000011110110000010000010001101010011100101101010010111011011110111001110100111010111111010001111111011100101011100110111010011110111000
1000010111100000000110100111110001000000100011001001011100110011110011010110001001111000101111100010011100111111111000000100110011100111001110101100111111011001111011010100000010
0011100111010000101000010111101110110111101011010010100110111000111100010111100101110110011110011011011001000110110000001001001100001011011101011011110011000100000010111011111010
0011100010011101111110110011101011100011000101000001110001000000000000101001110000101001101010110010101000111111010111110011011100011001001000101110100000100011111010101110111011
1001100010011000010010011010110100000010001100101100001111010101000001011000111011100011111010001111000100010101000010100011011000010001001011111001010010110011000011001000101101
1111110011101010010111100111000000010010101010001100111111110111010000101011110000000100110010111001110011101110110111000000001011101101100010000100011110111101111110010010100011
0111001111011111001000010101011011001100100101110000001001000011010110001111100010101111110110001101111010101100111101010011111011110010111010110100010011110100101011101001111100
0101000101100001101001111111000011110010110111010111111110101011110100001111100011011101011111010110100110001000000000001100001000011001111111000010111111010000011010100100110011
0111001011100100001101010010000110111110000010001110000010000000000011000111011001011101001000011111111100110000111001111001101100100111111100000011110110000011100111010000001111
0010101011110101100100100101010000111110100100101101011001011000110010101010111000000001010110111111101110100011001111000001101101010000111010000010000000000100010000110110010101
1001101111110011100101000100011111010010101000100000000000101100000000100111001001000011111011011000111000100101001000110001111011000111111000010001001111111000001001000111011000
1000110111000001000111001011111111010101101010111101110001101101110011101101001000010111011000011011111010111101001101000110111011010000101100001111101000100010111010101000011111
0101011001110100100000001000011100110101111111100111011111111010010101110111111000100100111001100101101000111001110001110010010001000001001100111111011101010011000000111011100101
0001001100110011011001010110000000000010100010101110111000100001110001011010011100111111111001011000011111110001100101110010110101100110110100100010110111001110000010100111010010
1100101111110110100110110101101110111100111101010100110101000001001110100101100001011100001100000101101110001011010001000000011110111100111000010111101011011100110010101001100100
1111000011110101110000000000111010001000101011000110100000011111000010000000011111011111101110001001001111101100110110101101011000111110100000101001011001100010011000001101010000
0010011010110110101110011010011011000011111010010000100111011111100101111101111000101001011010001110001001000111011000011010101110111010011001101111110001101110000111000001001101
1010001001111111101010101101100010110011001100001101100000111101100001011100110010111011010001001011101110111110001101101101010111011110101010110000110111111011000111100100011000
0000110101111111101011010110101010000111110100010101111001110100001100110000011011110111001111011001001000000010010001001100011100001000111110001100000001101000000010001110111000
1000111011100111101111100001011001011111001101011010001010000001000101011010101010100100010100100001010010110101100100110010011011010011111001110100000001000100000110011011110001
0001111001111111011001000101111111100010100010010010101110100111001011010010100101101111010101000110110000000101000010111110101010110000111000111101111000010111010110110110010001
1111100111110000111001110101110000100100111011100000011011000010101111000111011010010110101000000001010000111010101100111100011111000010110111011101101010010111110101111010100000
1000101100101000010011101010010110111101101101100111110101110110001010110011010011100111011000001111101100110000101010111101111110101111000011000110010011110100011100101111000100
0100110001111001110000001000000101110100110001101101101101000110100100111110010111011110101100100100000111101001101011110110100001110101000011111000011101001010111001111100100101
0111111000100000010011001010001011111110001011101010100111101000001010110110010100010111100000011111101100001101110111011011110101010100001110100110001011011001101010001010000000
0100001110111010001011110001100101110000101000000110001000011000000011011111110010111101000011010100000110110100000110110000101001011011101101101010111000110010001111101011110111
0101010011100110001011000010111011001110100101111101100001110111111001010111001000100101111011101111111000011010011110111000000010001101101110010001011111111110011101001100100111
1100011010011010010001100011111011111010111000110110000001100101010111111010101110010110111000000111011001001110011100110000001001100010111100010101010110110000100000100011010000
1001111011010111011101110110100110110010101011001111111100010111011001000001001010110101001110111110101100000011110010111001111011000110100011011101000010001111000110100011100101
0111110110111111000111000001010111000010110110100101100111111001100101010110110100011110010010001011000111101111011100000000011010110101011010110111000000100010101110110110000011
0101101011101100011110001010001011100001100010001111100001011110111011010111110111010001010111101101101001111101100110101110011001111100001001110100101101001001110101010110101100
0011111100100010100001100000000111011010001111000000001011110111110011101011111111010001011000111101101101000111111011011010000100100000101101011000101111010010011110010011001001
0011101000010010111100000101000100010110111011100011011000110101010010000101001000010101100101000000111000000010010100110000000010000001001011000111011111011111110100100001100100
0110001111010111110111000111110001101101011111001000111110110101111000010011001001111000100001110101101010100111110010001100100101011101101011010100011110001110101110000001100110
1111100000010100100010011010010101001000101011001100010011010010001101111000010000010010001010110101001010100011001100010001100111100010101000011100110110110000100010110100000100
0010100101111100111100111110110001100101110101101101001011110111000101001110011000011100110011011011110010011111001001001010110000111110000100011001110001000101011001011001101111
0110101010101100101111100100001101000010001100101000000110001000110111110100101110011100110001011111001101101011011110111111010000011001010100101100101101101101101111011111111110
0011001001111000101110001110101110101011000011100001110110000001110001011011001011101001001010001110100011101001111000000011011011010011101001010000001001111011010101001110011111
1011101001100000001110001001110010010011010011001010001100110111101001100110110101110110110110111101001101010111100011111110000100001000000110111111010101011110100011010001011001
1010010111011100010101111100000001110001010011111011010101110111001010000101001100110010011010111110010110000101101101100101110011000011011010111110001110101010110101010100111000
1110111011100101010011000011100110010110001101011010101010101111101101110010001100001101001010001000000110011110101000011101010100000111000011011110111100000011011010101000000010
0011010100000010110011100110110000111100101001110101000000110011011111011101010001000100100111101100001100001010001000110110011101000101100100111100000000010111011011101001101111
1111100010100000010110001101011110001010111101000101001001101111111111011011001000100101011011101110001110001111010111000010101011110010001101011101111000110100111001100101110101
1111111111011111011111110011001000000101001011101101011000000001111000001000110010111011110111111100110000111100001010000010010001100101001101110101100101110011001111110111001010
0001001000101101101010001100001001001101100011001011001011110011101100010101110001100011001111000101111101001000100001101110000010101001010101110000010000011111001101110001000001
0101110101110011010110110010000110000001010001011111000101110001000011110010110111111101010000001100110100111100111111010100111110100111010110000111101000111000111111010101000011
1011100011101100000001000000101101111101001101011100100101010110101011001011111010111100111010111111001011111110001001101010000001011110010010010100100010110110100111100100001100
1110101010001111010011000010111111110110101101110111011010111110011011111100011100001111111001000110101101101000010100111000110110001011101010100011000011101101111100100111011100
0000000010101110101111010000100101110110010111110101110000010110101111011000001011100100101110100111000100101000000010100010101001100000001101011000100010001111100100011111010111
0010010100111000110111101100100110001010011001101000011110010111011010000000000110001111111010000111110000101001111001110000010110110100010110110110000001011111101001100100110001
1101101101010001100101001001100110010100100010111101010101010011011111101111010111001000010101100010001110111010110100011010100101100111110110111111110111011111001001111001011110
0001100100000001001101110110111110100100101111100110000011000111101000110001101101111001100111001111110100001000110000001101110011001111000010001111011111100100111000111101010010
0000011111110010110100101000100010101110010101100000111110011000111000000101001001111110100100111101101011100001011000000001101011100010000110010001101100110000011100001010111101
1010010000100100011001011111010111010101110110011001100010111001110101100111111101110001100101111001111110111010100111100011111010110100010101110100001011010000001100000101111010
1111000010010111001101001111111101001001000110000011000101000110101111101101100001111001110100110111010001001001100100001000110011010010001001110100111110110111001000101100010111
1101110111110001001111000001100011100110100000000111111010111101101111011110000001000111111111110111111110100010111101111101011000000000110001001100011100101101011000110100100110
0100110100000011001100000011011001101010110011100011101110100111110011001110000101110000111101101011101001001001100110001111110010101101100101010100100101001101101001011111000110
0111001111010101110000101111101100011011101110000001010100001100010011011001001101010111111000111010100001101111110101001000110010100111101011011101110110111111111010010110010101
1100010111001011101100100010111111101000100001101101010010000100111010000110100001000011110111110111101010001111011010100011100010000011100001011010100101110010010110010100100110
1001000111100000001011010110011101101001100010000100100000100110111010101001101000100110110100101101000001110100000010110111110100011010100010011000000011011100100110110111000111
1110101011100011000011111010001011100001001101011110100100111001000010010000111010001010000010111000111001000011011010011111001100101001001100000011111010001010001001010001100000
0110000000000011111000110010111101100000001001111110000101101010100100011001001110010001010001111111101110100011011100101100111001111101111110001011000110000011000100000111011111
0001011100000011110011110000110100100000010011100000010001011001001000100001010001111001101100001110011000110100011010001001110110110000111010110101011011110101001000001110010011
0010111100011010010000111101100111111101100101101010110010011010000011000111000000000110000000010101001110100011011010000110011000101101110010101010001100111000010001111100100101
0011010000101000111010111100111101011011011001101011100111011010000100010000001111010110101001101100110000111100011100001001010111100011010110110001100001111010001000001101111001
0010000001111011001100010000000111000010101110111011100100101001010001011100001101101100101010100001100000010000100011001000000100000000001100100001110011011110110010101010001011
1111100001001101001100101001101101011110011001011000010101110001101010111111000011001010100101011011111010100101110111001111001111001110101100101101000101111111101110010100101010
0111000100101110110011110111001100110011000101001011100000111000001001101011111010100101001001101110010111111111010110100101110110110010111010001001011110000011101011111110010011
0001111101011111010000001000101110000111010110111111111010101101000011011111101000000100111001000001110111110110010111111110010011110110110100111110010011101111010100010010111101
1011011100001010101010100011110001011011011010100100000100100100001100010001101111010101110010111100000111010000010001100001100000011001100100100101101111001101111110010000011110
1000101101001100110100111011100110111010001110000101111011100101100111111110110011000101000000111101011111001000110100111010011111011011001001111010100111110001011010110001111100
1100010011111011111001001011000110100111000100111100001011001001100001110101100111010010010110110101011000111011100111100010100001000001011101101111010000110010100111100101100101
1010010111000100010010001001101010010110001011100111100111101110010110001111001111111000000011101100000010101001101001001010011100101100001111110111010010111101011110100010110101
0101110010001100010100110010101111011101111101100111110011110010000010010100100000101100011011011000110011111010101101011111100110010111100000010011110110000001010000101011010100
0111100000111101110110010011100010010000001111001000000010010010100100111010111000111100011100101010111100011011111110110011010101010101110101100001001000000111010010110001001010
0011111001011100010100010000101010011000111001100101110011111010011000111111011111001111111101000011100100000101010111010111000001110001011100010001111001111110001110110010101000
0111111111011111010110000101010101100100001110011010000111101110010100000011110000001011001110111110101100111010101000111110101111110010001111101110101100100000000001000110100000
0011011001110011001001000100110010000111001100010010000010111100101011010000101011000001011100101111001001011100101010001001000101101000101001111010001101101111001011101111101011
1000000001110100101010010010100001001111010011100010101010010100010110110011001000111101111000101101011111011000110110100101101101101101101000001011101001010000001110010000110100
1001011000000110011100000011101010010010100001111010010000011010011000101010101100010000000111110100110011100101100101111100000100101010010000110001101111010101101010100001101110
1010101010101000100010000001000000010011110010011101010000010111100111110110100010100010100101011111011111001000101011010010111000011111011010010011101111111010011111000101010101
1010010000101000001111000001100001111111110011001001100100010101010010110010110100100100011011001110110001110000110111110000001011111111111101011111110101100010111001001110001001
0001011110101110111001101001111110001100101011010010110010001010010000100100011011011000001110101100000101000110011100110011011010100110101001101111111111010100111011000000101000
0001111101110110110110010011100100100101000111000000001000111010100110011001001011110101111110000011110011011110011111110100010010101011110111000100011010101101010110100110001101
0100100011001100111110000010011011011000010110001000110111101100000010011101101001010011100100010100010101011110100111011010000000010000100100110111011000000001110001101101111101
1101001100000101000111011101011011111010011010101110100001010001011011001011100010000010101001000100000110010110100010110101001001111111100100001111011100110101111000101000111010
0000001010101010000110010101100001111111110110100110110110010100111000000111000000110111001011111100101100001010111001011110111011000110101101010100101101010001010110111111111010
0010010110111011000111010011001010011111110111111001100100110001110110011111000010001101010011111010010101001110010010001111001010110001101000000100110000011010000100101100101001
1110110010010010100011010001100000011011000000110111011011001101010110000010101000100111010100010011101011111100111111000001010111110011000010100101000011001101101110010100100111
1000100011111101111100100100000010001001100110011010100111100011010110101001110111111100000000010111111010110011110000000101101010101100011011000000101110111100001101110110111010
1111100010110010001101010111101000011100000110000101111001001100111011010001011000101011110100111110111100110101101110000101100000010111010100100001110011101101011010001001010101
1101001011110100101111001010000000001100000100010011111111001000100010011110101000110110001010011101001110100111100000110000010101101000101100111100011011011111100001000110001111
0011100001100011001110110000100111100000110000010011100011111001010110100011011101100010000110111111111100100010111110010011101000000100001000000011101011001111111010011110100000
1100111000110001000100100111111010111001001111110101111001001011001101100010000010111111010100001110111100010110111001100000010000011110101011101110010111001000110001111011011100
0000100110101101101110001101101100110111011011110000101110100000001110010110110011101000001010000000000011000100100101100110010111110011001101010101011101011110011111100111101010
0010101010100000010100001011010111101011101001100110001101011100001111001111100001011011101011001111110110100001001111111001001000001110011100010000000001001101111101100010001011
1000100111100000001111010101010101011001100101010101100110010111001001101000111011101011110011001001110010110001011100001110111111100000011010100111111010001101010111000101001100
0011011101101000000100100101010001000111101101100001010100011000010111101000100100010000001111110101110110001111011110001111000111011110011010111001110010101000101111110001100000
1110010101111100000100000001101000110011000010010110000110010100110110010000000101111110110000101011001010101110011101001001011010001010101010101100110101010100111110110100100100
1001011100110001001100111101011011001011011101000100101101000110101101110100100101100001000011000101111111001101101101000011100000110111101011100100101111010011111000001011101001
0010111110011011011100101110000100011010011111111000111001100000100111011111110001110010110000110000010000010111111010101111100000101000111000010000001100001010010111000011111111
0100101011010100001111110111100011001011010111101011000110001000001000101000000110001111111011100110101001010010001000110111100111000110000110001011100000000110101001110101100010
0100101111001000001101001111111011111011100101010001010100111011000111111101101000000100010100010010000010111111000001101001000010101000001111100111001111010110000100110111011100
1011111100111001001111110011111100001111001100011011101110011101100100010000000110110101100110111010111100111011011010111111101011000001111110100000100110000011010011110001001011
0100011001101101010000011110010101010110000110100101010101100011111100110100110010001110010100100000101011101110111010110010010101000111101011101111101010101111100000101100101001
1001011111010111001011001111011101010010001001011010101011001100111000000010000101111000010110110101101111001110111000000011110111010101000001110001001011011010011001100010000100
0000100010110110101100111011111001001001000010110101101111100101010111100100011111000001110011000010001110101111000001110110001011100100101110101001000101000000101000011011010101
0001001011111011001001100011001000000011110011110100111101101010110011000001000011100010000011001001001011100111010000001010000111110111010111111010101010110110101001111101111101
0101001001100111010111000010011000001011001111111000010011001011011000111100111100101001010001000100001010110011000001101110110110101111101111101001001100001011011100001110010100
1001111100010111010111111000100011111010110110010100101000110001101110110111011000011101100011100101010110100000101101010010111101110011111111111111110110001110111000010011101011
0111101110111011101110100000010101001010100111010011001111000101011011100011101010011110001001110100010011010010001010000101100011100000000001001100110101001001100111101110100100
1010011111111101011011100111010100101101011000011001001010000010101001110011100100000100111111001110101011000010100001001101010111101011001110011010011000100011011000110110000101
1011001101110101111100110010011001100111110101110100000111110100010000111011110110110000111101000101110111010000011000110001100101011011010000010111010001011010100011101011111101
1010110011011011011011000001110101110101010111100111111001101010010101010100101001100101001110100011100010111100000110100101110001110001000110010100111111011100011100011111011001
1000100111100010000010010110100011001011101001110011000110111110000010110100110100010100000000100010110011110100010100011110110001100111111101101101110111110001001100100111001010
1001010011101011011101000000101110011100001010101111100010111100111010000111011010011011010111011111101010111110000111001001110000111110100110110101110001100011000101000110000111
0111010110100011011011011010010000001111010000001111010000101100010001011011001001100110000110110110000011001101000001100100100010001000111101001111011110011011110110111001010001
0110011000001010000100010110011011111110111000011100100110001010011011001001110110111011000101001010110111110111001111000010011111110000100011111101000111110110000001011011111010
1111010001100000000100100101011101110001100010000110101101000010101101101101101101111000011111111000111111110101000100111000101000011110010011100110010110010110100111000001101011
0010010010101011011111100101010110010100000110010101010100010000101101001101111111111111011011101010110010100000001010101111011111110010001110011001111101011100110101110010001011
1010100110000000101100111001001001000111001110010001100001101010000110000100000110100011001100010100101011001100101101010011001100110000011010001111001011101011000101111011011100
1000110100111100001101010010111101011011001100101101111110011000110011100010111100111010111001100100100001100110100100100101111111101101001011110010111000110110111101111110100101
0000111100100100110001100100100011101010001101111001101110000011011010010111100110011000011000000010011111111000101100010111001110111110010010110000100010011000010100110100111101
1000000011110110101011110001000001101000010011110000010001011101010011110101111100001101101010000001110011111101110000100000001000111000001110011111001010000001001001100001001001
0101001100101010000110110010001010111000001101110111001110101100000011101111000110100011001110111011001011000010001000111100110000011001110000111101101110000111110011111000100111
1001000100001101001101010011010111000111101100011101011011011101111110000101111010101100101011010101000011010101011101001010000000010100011111100101010001000101101110111111011000
1001101001100110100001001011101111101100000010001010100111101010010001010011010011000101101000001011010100111111000101101101111111001011011011000100100101010010001001011111101001
0110111011111010000001111000011001111111000101000000011010110000110000010001001010010010010110110101011011010000000111101100101110001100101001001110001111001111001001111110001111
0110101011001100011000000000001001000001010011011011011000010111100101011011101100010001011101110110011001101001010010110000100000011010000010011101101010011110011101111111111000
0010000011000101000100000100001111010100011111110001110001100011111101011011110101010110011100111111111111000010110011011111001011101001100001101111001111111101011011110101011001
1111001110011011111010001100111011001101101010001110010000101101010011000001111000110110000001110011011000000010010000000011001010100100100110110000011100110111101110100110001010
1101001110111011001011101110111110001001110011011101101001100100001100000111111000011110101101100001000100001110010111010010001010001110101110100101111101001111000010111000000101
0100001101110011100011011101111100100000111000100110010101100010000100100010110100010111100101110011001111100100010100111011001001100010010000100101000111111011011111011001110000
1101011010100100100110000001000100111101011000010101110010110110001000101111101110101111001000000010000000011100111111111010110010000010011100110100101001001000110111000100010010
1011011011110100101101000001011010010010010110010110000101001011010111101110001001100110100000011001001110011111101111010001100100000101100011010100110011101010110110100010010101
1100010010001010100010101100111110001001110000011101000000101011000011010100000111101011111100111010011010100100010010001101011100101001000010101001101000000100010100001000111110
0001111001111001111000101010100111111001100100010001010010011001111101101101001001011001100010000111100011010100101010111101010111010100101010100111111000010011001011001010011111
1111001011100000110010000011010011110001111101100100101000010100001101001000111000000000000001100111000100000011000110010011100101000000000100100100011010011011001101111001101010
0111001111110010000110011011001100011011111111101110101101011101110000110110011001111100001000010100110010100111110011100110001110111101100011010110101000111110011110000010011001
1010000010010110001111101010100111110000100110010011101001101000000010100010110001000000100011010010000110100000111100001001010111100111011000110110111110011000100001110110100110
1001111101110100001011000100010111110100010010100001101100011000101101111010101000001101011010011100110011000110111010000101000100111001000110010111000010100011010100000010000101
1010011010011011011111110111000001100110001011000011111010111110111000000011001110100101101110001100000110101010011011110010111111110110010110000011101001101001101111101110011111
1000010100100000111101001110110000100010010001100010000101000000100110010010111011000101110000101000111100000000001100101011010101111001010100101001011101110011010110110011101001
0001010011101111011010000100010001001001011111100011100101111011101011000000010110100000110101101000100101101110000010001010111101011001000010000001000000010111110111011110010011


