0111000100010111101001111100111101111111100111101001111100111101001110000001001111101101001101000110010101110010011010011011010011110110110111110101011000100001111100000111011010
1000011010000001011100111101011100010010111001011001000101110001010111010001100101101100100001100011010011011000001110111011110100011100010111001111101111010000111111111111000010
1000110110101001110001110111101111110011101100111010111100000101010010101110111110111000011100110011100000100101000101110001011101001111000011101000110110100001111010010110111100
0100100010101111001010001000111001001100010101001100111000011010010010001100110101101101011010000011101100011101000111111011101101001101001011111001011101001000111000110101000001
1101110010001110111011001010001100110001100111001000011110100111100010111111000100110110010110011100101111010101101111000000101010010001001010000000001100111100011001111111110000
0110011010110110010101000111111100100000010010001100000110111001101000010101111000101000011011111000101100101101111101001101100100010111110110110001110001011101000110111010001110
0111001101000001101111011001101110000111001001101001100010111100110000010000101011111100101111101010010101010110000000111110101100101001000111011011000100101011000100011100011101
0001000110000010100110111101001100000011010111011010101000000100101000000001101010110100111011110001101110000101101100001000111101100110111011001000100111011000111001011111010011
1011101100010111010000001011010000100001000010001111100100010001111100111001111001111010111011111111010110110010100101010101100111110010100011011101010011100000011110000101101100
1000110110010011011111010101000100100101000100000111001010111101110101100001100110111100001011011001111011010101100011000111000110110110111011001110010010011111101110110111000000
1001101001100010101011010100011110000100001001001100111000100111101100011100110101101100000111101011010001001000100011011011010001010011001100010100101010111100111000111010111101
0110011000001010101100110000001000010110000110100110001100111111110001011110000001101101111010101101101100000010011001101101111111101011010010000100111111101111011001010101101011
1001011100000010101000001010111000001000111111010011001011001110101000100000101110101101001100011011100000011110011110110111001111000001100111110101100010111011101010110101110101
0010010111011110011001000011011101001101110101111111110011010111100111001011000100111000110010001000111111110010011101001110110011110010010010110011000111011110011101011010001011
1111111100000010001101110001010111001110011011011011000110000110010000000100000100111100011000100011110010001000101111110100101000100100001111011011111110111000101011111000111001
1110000110000011110010010101000100110101101001100101011100100011101000000111010010111101010111011011111011110001010100011011010111111010111011011001110100100011100001100100000110
0000010100100010011111011111011111100000100011010101101101100000011000010111010010000000111000010010000111000101110111000110101100001011011101010100101111100011000101001101011110
1111001101010110011101101100011001110001000000100000001011101100000100100110010101111010011011110001100101011000010101101011101000001010001111111110100001001101011000000111001011
1100011000111010011100011100010111111000110100001101110101111110010101011111011111111111111101000011011011011000110100100001010101111110110000111110010101110101000100000101110100
0001011100110110100011100010001011111000110010010001100000100111000101100101100010110011001101010001111101111000110100000010110100111110110011110100111101100011101000001001101000
1010110000010111010111100001001101000110101101101100011101100011011001101001000100011000010101000101000111011111011001100111010010010111101101111011100101010010010010100010011100
1101011011101000010101100000111010100001100101000100001111010100110111101011001011000001001000010111100111101011011100111011110000001010010010111010001100000100100000101001001100
1100111001010111100100010011001100100000110010100010001010001010110100001001001111101010111101000110111101000000110101010001001001111010111011001000010000010000110101110100110101
1011110110011111100000000010000101101101001111111001111111100100001001010110100100001100010111010011010010100011111001011010000101010111111111101101001110001010010010011011100100
0000101011010110101110011011100100000010010010100111101010000010010110111110000110001000011111001100011011011000101110111000011001110010111000110100001110010110101001110001111110
0010001111101111110000111100000011111001100011100011011101100111111111100111100000000101000100100100111011101110101100011111111001101010100000111111001111101111001011000110011110
1101100010111011010111000100100000001010001111010010011101000010101001011010011000101011101000100111101101000010011000000110001010101011100001100110111101100101001111010001011000
0100100101110100101000110011001110111111100010110101010110110010111111001100000001001011001010100110111001101001110010111111001000100001011000110101010100111101111111001000101001
0010000011100111001000101101011100000111001001101010000010000000111101101110011100100100010110100101111111111001011110111000100011001011100101001000100110110001111101110010010000
1010010110101010001001011010001000101110110110010111110010111011011101101110101001110011100100111110111001101111000100011010111101100100000100111101101000100111110010001001001001
1101000100011001101111111001001101001001011100111101111101110111100010100011000110000010110101110011011100010001000110001100000010010101011001110011001101111001000110110100101110
0101111111010001011111011010001111101110010111111101100000010110000111110111000110000010011001111111110100000111101010100000110100100100100000011111011110010100100011101001001010
0000010011011100000101010111101101101111110000001100000001010110100000000111011101010001010000001001101010001011110011010111101011100111011110001011001111111100101111110100000100
1001011100110000000101100001000011000011011111010100010010101011001011011110001011111010101011110110000011000010001001110101111010011001111011000110111000111000101110000111011100
1011111101101011100110101101000001001010010010011111110001100111011011001110110000100101111011011110111010100110100101001100110111000001011101100111010010000111000000011011000000
1110101010100111100111100000000100001110000110110110101001010000100001010010111011100000001111110001111111011101001010011110101011000010001110010101111111111110100110001101100010
0011011000011011100000101001111110101010110000001000101111100000000011111111000100111000101101100101111110100110000010001111001000001101111011010011110000010100110110100001101110
0011010010100011101111110100101101111111100001110111010101101000010101011111111011100000111000111011101101100101011101101011000110101000010000000000100011110100111011111100111010
0001000100000011110000101100111110100101001110101001001110010101101110000111000011001101101011010101010110000111110100100011011110000011110110111110101111001011111100100111100110
0110110101011110000000000100011001001101100010000010110001100000001010100010010100011010010111000110010010000101010000001111100011110001010011110101101000000011011000001001010011
0000000110110011111111000100011011100100000101001001101000011001001001000100111000011101011101011000101001010010010101011100110111111100011001110101110000100101000011111100101110
1010110000100000001000100010110011100001100101010110110010001001011111100101010100011111011000010010101010110000011001111110111100100100101001101010111001011001100010111101101101
0111101100011111011110110101100100000001010000010101101011111000011101001111101100011010001000101100011101011001001100011101110111111101000110101001110000010111100000000110101101
0010111011111101111100101111110110111001011001110101100110110000010110010001111100111000111111000100001000110101000010010000111001101100010110000101011000101101101011000000001011
0001111000010111100011111011111011110000110111000000010010100111000000001001110111001000101010111101001011100101110111000001011011100010010010000111100001010100110110110101000111
1000111110000110000011000010010110001010100101001000111000001011001111110110110110110100100100010000111000101111111011110100001110011000001111111110111111111011100000111001100001
1001001111110101011010000110000111110101001010001110000000110000010000101111000111011011111100001001000000100000111101101111001001100000001010011111000001011011000110001110111000
1111011101010101001001011001100101001010001000110001111111010001001011101101101011111110011011111011100011001011011001101110110101011010011001011011100101001100010100011011111100
1110101100010111111101010111001011010100000010111000011010111101000101101000100110110110101001010000011011101011011100101100011100101101110000001001010100111001001101100110010010
1011011011110001001011111101010101100110011010110101110110101100110111111001100000101110011110001010110000111010011101110001011011010000111101100100111000110010110011111111001110
0101111101000000101110011001011100111001001100001100100011110011110011101100111110010010111010010100110111001101000101101000011010000111100111011000101101110011001101011110111101
1010010001101101010101000010011110011110101010110001111100001101001001100100000000100011100101001011110011000011011000100010001001011010011100100001100101000001001110111000100101
0111111101111110011000100011000011110101010110111010010001000011110000001000111111011011111001101001110111000001001001101100100001110110100011110010001100101110110110010101100001
1101110011001100011110111010110111000100011100010001000000001010110101111101111111000111110101110111111100001011010100001110111100111000101101111100101000100000000010100010001100
0001110110101010000011100010011101101000100001001111110000001011110100011110001100101110010011101111000001101111111111010100110010100000111000101110011010001000010110110100011011
0001001100011000001110111101100010110001110101111100011011010100011000111110101010101001100101011000110100101000110000100110110100111100001110110101101001101000111100011111000101
0110110010100110001111010110001110001100000010111001111000010101101110100000010100010010010011001100110100010000100101110101100010010100010011011111001101001011100010111010000100
0000111101001000100010110111000101000110000111110011110001000110011100100000101000111111101000001001100101110001010011100011000110110110001111101011001011110111001011010001000001
0111001001100100000110111001010000000110110110100110110011010110000100101011111110101000010111010110000100100011001001111011101001010110111001011111100100110010001011001111010100
0010000000110011010100001010101111001001111010000101110100111110001000101001111111100011111100100110011000101110100110000000101111001111101010111011110110101011101010100111010110
0100101000111111000001101000111010010011101000000100000100100011001101000110000001111001010100000100100111111101110011110010011011111011000101011011001010101110010010010000101000
1111010100011110111001000110000110100001011111101111000011110100000010101110111000100000101011000101111101100111010011110011010100100010101101001000101110010010111010101001001011
0011101001001010100011001100010001110110000111001001110101000000011111000000111010110110010000000101111011100011111011111111001100000001111111110100110000000011101110010010110000
1000010001010100010010110101110000110110111000000111100110110111001010011011111111101111011110011000000110101010111100101010100110011100111011001001100000010000100111101011000000
0111011010111000011010011010100010001110101011111111100111111111001001001001000011011011111000000111110010100100101100001010011101110111000110011100000001011110000110000101010100
0011111100010111011010101101010100011101111000110010111001011001000000101101111111100000000110001011001011101101100101011000101010011111110111000100011000100010101000000110001010
0010111000110111100111111001111011100010101110100110111011101100000101010100110000110101111101000001001000111100010001100011100011001110110111101000000101101011011010000001100010
0100000110001011010001111101111101001100011011111101111111110011101001001110101110011001100001000011101110000010100110101111111011110011110110001011001100001010000111100111010000
1111000010010001001010101011010110001101101000100100010100011100100010100001010000100001101001011010001100100001000001000101111010100000010010100100001010011010111000110100011110
0100010011011101010110001011010111110000000110001001101100000110111100100100100100001110100110110100010001110000101000100010100100110111010110110000000111010101111011110010001011
1010101100110001010001100111001110110010100101110110111010100101011110000101100101111100100000011011110000100111111010101011101110010101001100110001000010010111001100011100110000
1100011111101100010000101110000111101010100010000010010110000111011001000110001101100101111000001001001110101101010100111111101010111111000011010111110110000011011101100100011001
0100010001100001000000000111011011001010110000011001101101111101010101110011100101011000111001010100101101111011111100010110011011010010111010001100100110110000111000011101100001
1110100111010110011011101110010101000111010101111011101001001100111000000101111110110100101101011100101100011000001111001001101011001000001011000110000110001011001000100011110100
1010110100011110110100100011000001011111011100111100111010110110101001000110000000110110000001000000111111110001010011101010111100001111101111101101010010011010100001111101100001
0011000010110010000010000000110100010001100110011101000100101101001000110010010110111000100011001011001110000101000110010001111111010101010000110010011001001010111100100011001101
1001111010001001110011001001100011101111101111001001110110110000010001001000001000011100000110101101000101010000101100010010101110000011101001011100111011000100011011110000010110
0101000010011111110000000101000001110100100101001101011001001000110010010011100101010100101101011111010010000011110001101110101100001110101110101100111000101111100101110101001000
0101001001010101001011010101100111010001110001110011110000000110111000110011001111101000010010111000100101101110101011101111010111010010001111011001000010100101100011010100101001
1100111110110010100010100111000010010101011101011011001100011010000000110110111110111111110010010010101111111010010110011100001010001010010101100110100100110010010000110100100111
0010000010100010010111000101110010011011110100001001100001010110100000000011110111100011101011111101001110011010101110010011101010011101101101101000001111001111100111010110100110
0010011101101111011011101011010000011100000011001101000100010101001011100001011110111000110000111010011100000111111101110101111100000111101101111111000010011010110111001100101000
1100000100000011001001101100101010001001100100111100110111101100000001101001010001110101010111100011101010000110010011111010010110000000010100101111001000111001101101101110111111
1111100110011001111111011001011001011110111101000100000001010000101101000111100010001111101011010110011110110001000110100010001000100011011111001011001110000001011010010011101001
1010111001010001111101110001011100110100100001011000011000110101000101001101010001001100001010001000101110010011101000010011000000100101011101010010110001101100111100101000001000
0000110011010110101001001000101010001110000111001001011001111100100001000000001001110011000011011110111001000110100111111011101010000111010100101010111111001001111100010000111101
1011010000111001011111000010000110100100110001111011101111111111000110100100101111001010001000000011011000101000110011010101011101000111010000111110001010011011101111100111100110
1011010010011101001011011101001010101001111011001010001011010001000001000001001111001110111001000101101100000100111111101110101000100000110011101100100010111101010000011000001110
0001111110001010100010111000000110110000110011100000110100111111011001100100101010110010110100101101110110100100010011110001100101010100000011001111111101001011010110001010101110
1100100001000100011001001010010000111011000000001000011000001011101111110000101010110110100101110010110100111100001110001000101011110110110101101000010001001101111000010110110010
1010001100101111101000000101111101001110001100101000010000011010101111111110000010011011101110001000101000111011001011101100000001110011101101000100010111100000011110011100111101
1010111010010100001111100101101000111101001111110011010001000010011000111111010111010010010011110100110100010011011111001111001001010101110000010000001111111110101101101011100001
0100010110010000100110100111101101101110001001110111101000010110100010010011101111001011010010110010000101010101011111010011101100001001101110100101101000101100111000110001111110
0110111011000010001001000001001100101011001100100100110111110100111110100100110100110100001011000010101110000010100010001111011111101000110111001101110100100001010010100111011011
0111011000010101110100110010101000100010100110001101011010100100001011010000010010111000000100001110110001001001101001101010001000110011101000100100101101111110011110100110011100
0110001101001010011111101111000110000110101110000101100001101101000101110001101000011111010111000011101011011000001010000100100000111011111100011000010001100110011101100100100101
0010111001111100111011001000011000000011011010101111100001111111111101111110101000101101010011000000011110010011101011110101101111010001100001110100111000100011101010111110001001
1001010000000000100111110011010100001111010101010111111010000000100011011100010100010011110100000111110100100110111101111110111110100100001110001110010111011111111010010111000111
0111011000100101101011111100001000111000001111011101110101111110011011000011101110010001111111110010100111011010000000100101111101101000101111101111111000011110100010011001111000
0000001100011101001111001101010011100110110010111010110000011011101110111010001110000010101000011101101100000111000011110011001101110101011111001110100001001111110010111101001011
0011011001000100011001111111011011110111111001010111110100000111011011111101011011110111010111110000000101001011100001101100101100011011110111011000110101111000110101100000101100
0111101101110101010100111111110110100011100100010000000001001101011011111010001001011010110101000001100000110000101111111000001001011101000110110011101010000011010110000101111101
1000000010001000100100101011000101101111100011101111011000110111110111110010000010110010000011100110001110110110010101111010110011100101110100010101000100001111011001111000110100
0111101000111010000001011011110110110110011010100000001011001111100110110101111111101100001100110111001011001110110111101000000000010001101100100000111111101000111000000011011000
0110011000010111101111100110011111001010000111111010110011011010010000101111100001100010000001000000000010000111011010011111111101101110011110100100110101110100111100101011000110
1011100110010100110001011000110111101100001000011111111100001011100000110011000000001110110011011111001001000011000000001011000110001111010110010110000100001000101111000011110111
0000101000010111001011000111110000011011011110000101101101111001010011001100010100101110010011001011001111101001011101100010000100010000111111000001011011101101001011011011111101
0111001000011110001111000101001011011110001011100100001010110000010101001000111010000111100110101111101000000101000000110111000010011011101100011101101000100100000010100010011100
1110010101011101001100010000001101001010001011010101001010111101100100001111000111000010111100011100000001011011011000010011110101111001011111011001001001010111010000010111000101
0101111001111001100001110111011100111100000011001111001011110111101110010010010100010010111101000010100011000101100001001011011000000110011001011110011010110110010100000001111100
0111101100000101001010100000100101100110000000110000100001000100111101001010111001001000001010111110101100110010000110101000101100000101100110001001000110100110010101010010011110
0001101110111111100010010001000011000101101101101000101101010110001111111111111111101100101100101111100011000100010100111011110001000110111011011010111100111101000001000111110000
1100111011010110000001101011101001101000101110101011110011100101111011001110111101100110111000000001010010100000101010111100011110111011110010001001100000001100011100010011100110
0101101000111101000110111101101000101000110001011110011111110101010010000001011000001101111101000101001011101010110101101001011101110001011101001001110110001101101000111100000001
0111100011010110010101111010101111010100101100001000000011001110011110110000000010001011000000101001100010000010001010011111011001111110011111101100110000000001011001000100110111
1111000100101110011101000001000100010101110000100110010110100001001100110001101101101110111010001100111100111101011000101011101000100000010001111110110110100001111010011100100111
0000001010011110110100010001100111001111001100101000111101010110100100010001000001110101010101010100101111011000010101101111111100011110110001101000001101111000101001010100101100
1101111110001100011100011111111000001101110111100011100110001111010010011010010000101001100000010001110100010111111011001010010111011100001101110101000111001000100000111001110010
1111011100010111111001101010001101100001010011000110001000100100101101010010010000111000001010001111000101101111111111111111101111110010001111011101110100010010011011011111111111
0000011101001111111111111111001001100111101011011011001010101000001001101110101100011111111000010100010110011001100010011001100110011010000100011000111000110111110111011100110001
0000010111111001000100110100000000000010101100110000111100000101101101010101011101000010111011010111110000101101110100101011010101001001000010111101100110101010110100011010001010
1111011100100001110111011101000010000000010001001111001110111001011101100011001110110100000101000110010011111000010000011001000001110001001100111000100011000010101001100101011001
1010001100000011111000000011111110101010010111111100011100001011110110010000110000001001110011101001110001101110011110001000110011100011110100000001110000111010111000010001110000
0011010001011111111011000011101101001010000010101010000111110000000010011101010101111101111100100010101110100110110100101110000011000111010101111111100110000101101011111000000001
1001001100001001010001000001011110111010101001010000000101011000110010110110000101000011100101100011100011011111100101010011001001110010001011000001110010100010100100000100110110
1110110100000010111001011110000011110101111111101011110100111100100111010000011101011010010110011111010010101011001100110100111010000110101001000001110011101011110000011101100110
1110110101101100111110011011010111101001000101010011000001111111100011100010010001101100001000110110000010101110000110111011101010111110101000001010000010111001001001011111000111
1010110100000011011001011111110101100110111110000000001011000100011110011000100000101000111110100011000001010110000111000001001110000101010100000001000100010110111101100100101010
1101101110111100001001111100100101001000100011100001011010101000000100001000001101000001011011011101011000011100001001000101100000111001000111000001011001100000100110100000111100
0100001000010001010110101110001101100101000011100011100101001111110001100011001111010110101101110001010110000101101011001000010001011001110001000010101110001000010001011111110101
1110000110011101101111001010111000010011111001110100000000101001111101100111111011101100000101111011101000110101100111111110010010011100101011110010101110100000100001011001001011
1100011100110001111111110111101101010101110001010000100111101011010101100001011111101110111011110011001111100101110000110101101000011110100100000011011110101001101101011011100101
0001010001110101100111110111010100010001001110101001100011110101100101110010101100010010011000111010011110100000110000001101101101100110100001011111101100111010101011001011111010
0010010111011111111001110111100111111111001111000001100010000010011101101110111011111111101100001110001010010111011001011111001001000011100010011100101001011110111010010111011110
1101110111000001011110111000001011110011000000100010000101011111111100101011111101101110110010100010111001000001111101011001001000000011000001011100110111111000001011000011110011
1001100111100101011111100000011010101110100001000011101101011000101110001010011010100001001000000111000010011101000100001000111001101010001011010001100101010111000000000010111100
1000011000101010001100000110101100111010001010010010100100011001000100001011010100000001101111000000101010010111001000100000011101001001111011110001000110000110111100101111010011
1010001010001100111101110110101011111000101011100000000000100000000111010010101101001111100011111011100110000010001000010100010000011100111001001011011110110111000010111010101011
1100101101001101110010101001011101011100111101000101100110011001011000100110110111111010110111110111101101011001110010110110000010000100100111011100011010011110111100010101010011
1101110011011111101111111101101111011011000110011001100110001101100101011001000100011110100111010001011100010010001011001111111011110110111110101111101001001001111001011111010010
1101011001100011101001011000101011110011101000100011100011000100001100110001111111010011010010001011000011100000110111100110001111110110110100111110010010010111100101011100111000
1000110100000110100001001000011011100111100000101000100111001010111001010110110001011010101101110010111111110011001101011011110011010101100110111000011101000111001010111001000011
0100011010000110100001001110101001000001110011111011001001110111111010001000110000101001101100001100101011101100101011101011000101010000110010010001011011100010001110100010100001
1111010011110011110000110110001000111010101110011010110101010100111010101110001000011010010111011000110011000011111010100011010001110101100000000110001111000001011010111111101000
0011100100110001100011011010110011001111101001110100111011101101110101111001011001111011000111111011010000001010110100111110110001110111110111111101111000000010011110110110111000
0010010101011000000110100010001100100011000100110100011110101111101110011100011111000111100110101110110001110011110100010111000101111101010010101000010101110100011110010110111110
1111011110110001101110000001110011000100011010010001111111001110000110010111010100110010100100011000111011111011100101011001001101111001001111101001111100000110000100110001100011
1111010111000001101101101010110101101101110000101000111101101011010110101100011010110111001101111001110100100010111010000000110010000111001111010001011100101100111100110100111011
1111000011111100001010000010001000001100100000011100111010011011010110010110010101001011000010000010111011001001010010001100011100111100001101000000100101000110111011101111101100
0101101000001111011101111111100010001011100100111101001001001101101010011110100000111110011100100101111111111100000100001011111001101001111000101001111110100101101101100101001101
1101000001110011110011011111110001110000011110101101101011011011100010001111011110111111110001100011101111110111010000010010001101101001011000100000010111101100110110010101001111
0110001110101011001101110100101001010100110010100110010010000000010110011111110111000100101000001010111100001110100101111011010010010111100011101011111011101010101001000000010111
1101101001101000101011111110001000000010110001111111110111110010101011000111101111010000111010010101011001110011011011000110011011000001111011011101111100000110010010001100100110
0011010100111100001001101011100101101111100101101110010101000000010111001100011110111100110011110100001010010110111100101010110101101000111011001110001011001001110110011000010100
0100100110011010001010101100010111000111000000011000010100111000000000000001010000011010111000101101010101011011000000100000000111010010100111011111001110101111110100101110100111
1101101010110001101100110100100100101110010001010100001000111001010010101110000101000001001100110000101100011111110011011110100100100100110000101001100110001010001010110101011111
1000010111010101101000111011110111001111011110100100011111100000110110110001110100100000110101010100001101001001001110001100011000011100110100110111001010011001111101110111001001
1010110101010001100001001000100100000011010110010011011110100110010100001010100100001000101011011001111000100111101000100000100111111010110110011000010111110011010100111110100100
1100100011010100100101010011111101010000101101101001011011100001101000110011111100101010100110101000001111101111100111010111011110011110011010111100000111000100101111000101111000
0111101010110011010000100001001110110010010111010110101011000110010110110001111000001101101100101000011110101010101110110100010110000111110011000111000111010011011111111111101110
1001100101100000111011010110010011010000011010011100100110010001001101100011011110000011001110101001010000001010111111101111010011000100110101011100010111100101011000100011011001



