0111000100010111101001111100111101111111100111101001111100111101001110000001001111101101001101000110010101110010011010011011010011110110110111110101011000100001111100000111011010
1000011010000001011100111101011100010010111001011001000101110001010111010001100101101100100001100011010011011000001110111011110100011100010111001111101111010000111111111111000010
1000110110101001110001110111101111110011101100111010111100000101010010101110111110111000011100110011100000100101000101110001011101001111000011101000110110100001111010010110111100
0100100010101111001010001000111001001100010101001100111000011010010010001100110101101101011010000011101100011101000111111011101101001101001011111001011101001000111000110101000001
1101110010001110111011001010001100110001100111001000011110100111100010111111000100110110010110011100101111010101101111000000101010010001001010000000001100111100011001111111110000
0110011010110110010101000111111100100000010010001100000110111001101000010101111000101000011011111000101100101101111101001101100100010111110110110001110001011101000110111010001110
0111001101000001101111011001101110000111001001101001100010111100110000010000101011111100101111101010010101010110000000111110101100101001000111011011000100101011000100011100011101
0001000110000010100110111101001100000011010111011010101000000100101000000001101010110100111011110001101110000101101100001000111101100110111011001000100111011000111001011111010011
1011101100010111010000001011010000100001000010001111100100010001111100111001111001111010111011111111010110110010100101010101100111110010100011011101010011100000011110000101101100
1000110110010011011111010101000100100101000100000111001010111101110101100001100110111100001011011001111011010101100011000111000110110110111011001110010010011111101110110111000000
1001101001100010101011010100011110000100001001001100111000100111101100011100110101101100000111101011010001001000100011011011010001010011001100010100101010111100111000111010111101
0110011000001010101100110000001000010110000110100110001100111111110001011110000001101101111010101101101100000010011001101101111111101011010010000100111111101111011001010101101011
1001011100000010101000001010111000001000111111010011001011001110101000100000101110101101001100011011100000011110011110110111001111000001100111110101100010111011101010110101110101
0010010111011110011001000011011101001101110101111111110011010111100111001011000100111000110010001000111111110010011101001110110011110010010010110011000111011110011101011010001011
1111111100000010001101110001010111001110011011011011000110000110010000000100000100111100011000100011110010001000101111110100101000100100001111011011111110111000101011111000111001
1110000110000011110010010101000100110101101001100101011100100011101000000111010010111101010111011011111011110001010100011011010111111010111011011001110100100011100001100100000110
0000010100100010011111011111011111100000100011010101101101100000011000010111010010000000111000010010000111000101110111000110101100001011011101010100101111100011000101001101011110
1111001101010110011101101100011001110001000000100000001011101100000100100110010101111010011011110001100101011000010101101011101000001010001111111110100001001101011000000111001011
1100011000111010011100011100010111111000110100001101110101111110010101011111011111111111111101000011011011011000110100100001010101111110110000111110010101110101000100000101110100
0001011100110110100011100010001011111000110010010001100000100111000101100101100010110011001101010001111101111000110100000010110100111110110011110100111101100011101000001001101000
1010110000010111010111100001001101000110101101101100011101100011011001101001000100011000010101000101000111011111011001100111010010010111101101111011100101010010010010100010011100
1101011011101000010101100000111010100001100101000100001111010100110111101011001011000001001000010111100111101011011100111011110000001010010010111010001100000100100000101001001100
1100111001010111100100010011001100100000110010100010001010001010110100001001001111101010111101000110111101000000110101010001001001111010111011001000010000010000110101110100110101
1011110110011111100000000010000101101101001111111001111111100100001001010110100100001100010111010011010010100011111001011010000101010111111111101101001110001010010010011011100100
0000101011010110101110011011100100000010010010100111101010000010010110111110000110001000011111001100011011011000101110111000011001110010111000110100001110010110101001110001111110
0010001111101111110000111100000011111001100011100011011101100111111111100111100000000101000100100100111011101110101100011111111001101010100000111111001111101111001011000110011110
1101100010111011010111000100100000001010001111010010011101000010101001011010011000101011101000100111101101000010011000000110001010101011100001100110111101100101001111010001011000
0100100101110100101000110011001110111111100010110101010110110010111111001100000001001011001010100110111001101001110010111111001000100001011000110101010100111101111111001000101001
0010000011100111001000101101011100000111001001101010000010000000111101101110011100100100010110100101111111111001011110111000100011001011100101001000100110110001111101110010010000
1010010110101010001001011010001000101110110110010111110010111011011101101110101001110011100100111110111001101111000100011010111101100100000100111101101000100111110010001001001001
1101000100011001101111111001001101001001011100111101111101110111100010100011000110000010110101110011011100010001000110001100000010010101011001110011001101111001000110110100101110
0101111111010001011111011010001111101110010111111101100000010110000111110111000110000010011001111111110100000111101010100000110100100100100000011111011110010100100011101001001010
0000010011011100000101010111101101101111110000001100000001010110100000000111011101010001010000001001101010001011110011010111101011100111011110001011001111111100101111110100000100
1001011100110000000101100001000011000011011111010100010010101011001011011110001011111010101011110110000011000010001001110101111010011001111011000110111000111000101110000111011100
1011111101101011100110101101000001001010010010011111110001100111011011001110110000100101111011011110111010100110100101001100110111000001011101100111010010000111000000011011000000
1110101010100111100111100000000100001110000110110110101001010000100001010010111011100000001111110001111111011101001010011110101011000010001110010101111111111110100110001101100010
0011011000011011100000101001111110101010110000001000101111100000000011111111000100111000101101100101111110100110000010001111001000001101111011010011110000010100110110100001101110
0011010010100011101111110100101101111111100001110111010101101000010101011111111011100000111000111011101101100101011101101011000110101000010000000000100011110100111011111100111010
0001000100000011110000101100111110100101001110101001001110010101101110000111000011001101101011010101010110000111110100100011011110000011110110111110101111001011111100100111100110
0110110101011110000000000100011001001101100010000010110001100000001010100010010100011010010111000110010010000101010000001111100011110001010011110101101000000011011000001001010011
0000000110110011111111000100011011100100000101001001101000011001001001000100111000011101011101011000101001010010010101011100110111111100011001110101110000100101000011111100101110
1010110000100000001000100010110011100001100101010110110010001001011111100101010100011111011000010010101010110000011001111110111100100100101001101010111001011001100010111101101101
0111101100011111011110110101100100000001010000010101101011111000011101001111101100011010001000101100011101011001001100011101110111111101000110101001110000010111100000000110101101
0010111011111101111100101111110110111001011001110101100110110000010110010001111100111000111111000100001000110101000010010000111001101100010110000101011000101101101011000000001011
0001111000010111100011111011111011110000110111000000010010100111000000001001110111001000101010111101001011100101110111000001011011100010010010000111100001010100110110110101000111
1000111110000110000011000010010110001010100101001000111000001011001111110110110110110100100100010000111000101111111011110100001110011000001111111110111111111011100000111001100001
1001001111110101011010000110000111110101001010001110000000110000010000101111000111011011111100001001000000100000111101101111001001100000001010011111000001011011000110001110111000
1111011101010101001001011001100101001010001000110001111111010001001011101101101011111110011011111011100011001011011001101110110101011010011001011011100101001100010100011011111100
1110101100010111111101010111001011010100000010111000011010111101000101101000100110110110101001010000011011101011011100101100011100101101110000001001010100111001001101100110010010
1011011011110001001011111101010101100110011010110101110110101100110111111001100000101110011110001010110000111010011101110001011011010000111101100100111000110010110011111111001110
0101111101000000101110011001011100111001001100001100100011110011110011101100111110010010111010010100110111001101000101101000011010000111100111011000101101110011001101011110111101
