0111000100010111101001111100111101111111100111101001111100111101001110000001001111101101001101000110010101110010011010011011010011110110110111110101011000100001111100000111011010
1000011010000001011100111101011100010010111001011001000101110001010111010001100101101100100001100011010011011000001110111011110100011100010111001111101111010000111111111111000010
1000110110101001110001110111101111110011101100111010111100000101010010101110111110111000011100110011100000100101000101110001011101001111000011101000110110100001111010010110111100
0100100010101111001010001000111001001100010101001100111000011010010010001100110101101101011010000011101100011101000111111011101101001101001011111001011101001000111000110101000001
1101110010001110111011001010001100110001100111001000011110100111100010111111000100110110010110011100101111010101101111000000101010010001001010000000001100111100011001111111110000
0110011010110110010101000111111100100000010010001100000110111001101000010101111000101000011011111000101100101101111101001101100100010111110110110001110001011101000110111010001110
0111001101000001101111011001101110000111001001101001100010111100110000010000101011111100101111101010010101010110000000111110101100101001000111011011000100101011000100011100011101
0001000110000010100110111101001100000011010111011010101000000100101000000001101010110100111011110001101110000101101100001000111101100110111011001000100111011000111001011111010011
1011101100010111010000001011010000100001000010001111100100010001111100111001111001111010111011111111010110110010100101010101100111110010100011011101010011100000011110000101101100
1000110110010011011111010101000100100101000100000111001010111101110101100001100110111100001011011001111011010101100011000111000110110110111011001110010010011111101110110111000000
1001101001100010101011010100011110000100001001001100111000100111101100011100110101101100000111101011010001001000100011011011010001010011001100010100101010111100111000111010111101
0110011000001010101100110000001000010110000110100110001100111111110001011110000001101101111010101101101100000010011001101101111111101011010010000100111111101111011001010101101011
1001011100000010101000001010111000001000111111010011001011001110101000100000101110101101001100011011100000011110011110110111001111000001100111110101100010111011101010110101110101
0010010111011110011001000011011101001101110101111111110011010111100111001011000100111000110010001000111111110010011101001110110011110010010010110011000111011110011101011010001011
1111111100000010001101110001010111001110011011011011000110000110010000000100000100111100011000100011110010001000101111110100101000100100001111011011111110111000101011111000111001
1110000110000011110010010101000100110101101001100101011100100011101000000111010010111101010111011011111011110001010100011011010111111010111011011001110100100011100001100100000110
0000010100100010011111011111011111100000100011010101101101100000011000010111010010000000111000010010000111000101110111000110101100001011011101010100101111100011000101001101011110
1111001101010110011101101100011001110001000000100000001011101100000100100110010101111010011011110001100101011000010101101011101000001010001111111110100001001101011000000111001011
1100011000111010011100011100010111111000110100001101110101111110010101011111011111111111111101000011011011011000110100100001010101111110110000111110010101110101000100000101110100
0001011100110110100011100010001011111000110010010001100000100111000101100101100010110011001101010001111101111000110100000010110100111110110011110100111101100011101000001001101000
1010110000010111010111100001001101000110101101101100011101100011011001101001000100011000010101000101000111011111011001100111010010010111101101111011100101010010010010100010011100
1101011011101000010101100000111010100001100101000100001111010100110111101011001011000001001000010111100111101011011100111011110000001010010010111010001100000100100000101001001100
1100111001010111100100010011001100100000110010100010001010001010110100001001001111101010111101000110111101000000110101010001001001111010111011001000010000010000110101110100110101
1011110110011111100000000010000101101101001111111001111111100100001001010110100100001100010111010011010010100011111001011010000101010111111111101101001110001010010010011011100100
0000101011010110101110011011100100000010010010100111101010000010010110111110000110001000011111001100011011011000101110111000011001110010111000110100001110010110101001110001111110





